##BLOCKS= 2          
Note:~End
Plate:	Plate#1	1.3	PlateFormat	Endpoint	Absorbance	Raw	FALSE	1						1	600	1	12	96	1	8	None	
	Temperature(¡C)	1	2	3	4	5	6	7	8	9	10	11	12		
	22.50	0.2009	0.2431	0.2127	0.2184	0.2317	0.2525	0.2439	0.2724	0.2289	0.1428	0.187	0.1791		
		0.1765	0.2262	0.2161	0.219	0.2097	0.2659	0.238	0.2404	0.2306	0.2401	0.2338	0.2259		
		0.1682	0.1824	0.2085	0.1917	0.2274	0.2353	0.2376	0.2511	0.2378	0.24	0.2513	0.2633		
		0.2074	0.1731	0.1853	0.1854	0.2336	0.2595	0.2446	0.2474	0.2471	0.2598	0.2857	0.2492		
		0.1661	0.1825	0.2067	0.2339	0.1789	0.1951	0.2118	0.25	0.2377	0.2498	0.2884	0.2418		
		0.2039	0.1773	0.1996	0.2102	0.2363	0.1885	0.2495	0.2644	0.2731	0.2393	0.2474	0.2548		
		0.2206	0.1663	0.2152	0.1916	0.2085	0.1575	0.2404	0.2594	0.2762	0.2321	0.2468	0.2975		
		0.2205	0.2603	0.2025	0.2191	0.2325	0.2341	0.2365	0.2349	0.2408	0.2116	0.2328	0.28		
		
~End
