##BLOCKS= 2          
Note:~End
Plate:	Plate#1	1.3	PlateFormat	Endpoint	Absorbance	Raw	FALSE	1						1	600	1	12	96	1	8	None	
	Temperature(¡C)	1	2	3	4	5	6	7	8	9	10	11	12		
	22.50	1.0778	0.1111	0.0796	0.067	0.0566	0.0521	0.0435	0.0439	0.0419	0.0408	1.0703	1.018		
		0.8436	0.1398	0.0892	0.0702	0.0603	0.0498	0.0475	0.0426	0.0429	0.0428	0.8898	1.0216		
		0.8633	0.1194	0.0909	0.0752	0.0642	0.0548	0.0487	0.0457	0.0449	0.0459	1.086	0.95		
		0.8949	0.1177	0.0941	0.0868	0.0612	0.0543	0.0466	0.0441	0.0437	0.0457	1.0687	1.007		
		0.8781	0.1143	0.084	0.0807	0.0654	0.0566	0.0511	0.0467	0.0448	0.0453	1.2336	0.9913		
		1.1512	0.1032	0.0825	0.0702	0.0649	0.0551	0.047	0.0475	0.0434	0.0414	1.0475	1.1153		
		1.2682	0.1023	0.0948	0.0738	0.0625	0.0558	0.0531	0.0462	0.0451	0.0454	0.9427	1.211		
		1.2475	0.1232	0.0803	0.0689	0.0623	0.0548	0.0484	0.045	0.0429	0.0502	1.0632	1.2822		
		
~End
