##BLOCKS= 3          
Note:~End
Plate:	Plate#1	1.3	PlateFormat	Endpoint	Absorbance	Raw	FALSE	1						1	600	1	12	96	1	8	None	
	Temperature(¡C)	1	2	3	4	5	6	7	8	9	10	11	12		
	23.40	0.1871	0.3007	0.3298	0.3215	0.3325	0.2606	0.3236	0.2086	0.212	0.2295	0.0427	0.0425		
		0.2982	0.2816	0.2869	0.3713	0.345	0.2417	0.316	0.243	0.2453	0.2351	0.0456	0.0456		
		0.2475	0.27	0.3499	0.385	0.355	0.2492	0.2537	0.3131	0.2959	0.2951	0.0462	0.0465		
		0.284	0.2673	0.3697	0.3571	0.3377	0.2747	0.2704	0.2332	0.2785	0.2921	0.0456	0.0454		
		0.2732	0.322	0.3505	0.3358	0.3767	0.223	0.2952	0.2629	0.2736	0.3	0.0464	0.0455		
		0.3729	0.4119	0.438	0.4142	0.3519	0.3036	0.3098	0.2676	0.2549	0.2564	0.0465	0.0512		
		0.3766	0.3647	0.4242	0.3651	0.4248	0.369	0.3963	0.3439	0.2544	0.2842	0.0462	0.0452		
		0.4025	0.3221	0.3552	0.3858	0.363	0.3064	0.3256	0.2512	0.2363	0.3155	0.0461	0.0452		
		
~End
Cuvette:	CuvetteSet#1	1.3	TimeFormat	Endpoint	Absorbance	Raw	TRUE	1						1	600	1	12	16	1	8	None	
	Temperature(¡C)	A1	A2	A3	A4	A5	A6	A7	A8	A9	A10	A11	A12	B1	B2	B3	B4	
	22.59	0.0276	0.3767	0.3791	0.337	0.4235	0.4126	0.4106	0.2894	0.2905	0.2866	0.3529	0.3388	0.2975	0.4278	0.4186	0.3546	


	22.59	0.0276	0.0276	0.0276	0.0276	0.0276	0.0276	0.0276	0.0276	0.0276	0.0276	0.0276	0.0276	0.0276	0.0276	0.0276	0.0276	

~End
