##BLOCKS= 2          
Note:~End
Plate:	Plate#1	1.3	PlateFormat	Endpoint	Absorbance	Raw	FALSE	1						1	600	1	12	96	1	8	None	
	Temperature(¡C)	1	2	3	4	5	6	7	8	9	10	11	12		
	30.00	0.0624	0.0462	0.0461	0.0458	0.0447	0.0453	0.0453	0.0451	0.0458	0.0459	0.0465	0.0462		
		0.0653	0.0463	0.0469	0.047	0.047	0.0462	0.0461	0.0466	0.0469	0.0468	0.0461	0.0464		
		0.0636	0.0466	0.0466	0.0469	0.0471	0.0462	0.0462	0.0466	0.0465	0.0468	0.0461	0.0461		
		0.062	0.0468	0.0473	0.0472	0.047	0.0456	0.0451	0.0469	0.0473	0.0473	0.0469	0.0465		
		0.0612	0.0468	0.0471	0.047	0.0465	0.0453	0.0452	0.0471	0.0471	0.0473	0.0471	0.0461		
		0.0766	0.0464	0.0469	0.0467	0.0471	0.0464	0.0467	0.047	0.0469	0.0474	0.047	0.046		
		0.0939	0.0458	0.0463	0.0467	0.0467	0.0464	0.0464	0.0466	0.0483	0.0471	0.0467	0.046		
		0.1147	0.046	0.0462	0.0464	0.0456	0.0461	0.0456	0.0456	0.0458	0.0463	0.0468	0.0463		
		
~End
