##BLOCKS= 3          
Note:~End
Plate:	Plate#1	1.3	PlateFormat	Endpoint	Absorbance	Raw	FALSE	1						1	600	1	12	96	1	8	None	
	Temperature(¡C)	1	2	3	4	5	6	7	8	9	10	11	12		
	22.30	0.4981	0.5018	0.5825	0.4882	0.5344	0.5009	0.5945	0.5306	0.5677	0.5	0.6028	0.4888		
		0.563	0.5965	0.5629	0.5893	0.5449	0.5499	0.6151	0.6213	0.5663	0.5176	0.4921	0.5239		
		0.5831	0.5907	0.6243	0.6595	0.7301	0.6493	0.6634	0.6192	0.5731	0.6166	0.3873	0.5676		
		0.617	0.6232	0.6426	0.7135	0.6263	0.6709	0.7045	0.6506	0.6821	0.6117	0.4456	0.4489		
		0.5999	0.6163	0.6583	0.6947	0.6242	0.6816	0.6347	0.6122	0.7207	0.6014	0.5243	0.5098		
		0.5617	0.6177	0.7392	0.6701	0.6458	0.6732	0.6786	0.653	0.53	0.4822	0.4739	0.5333		
		0.5817	0.5207	0.6948	0.5565	0.55	0.5939	0.6557	0.6444	0.5391	0.4365	0.4605	0.4951		
		0.5338	0.5543	0.5027	0.5475	0.5027	0.5319	0.5895	0.5697	0.499	0.5247	0.5923	0.561		
		
~End
Cuvette:	CuvetteSet#1	1.3	TimeFormat	Endpoint	Absorbance	Raw	TRUE	1						1	600	1	12	4	1	8	None	
	Temperature(¡C)	A1	A2	A3	A4	
	22.20	0.7235	0.7506	0.781	0.6667	


	22.20	0.0301	0.0301	0.0301	0.0301	

~End
