##BLOCKS= 3          
Note:~End
Plate:	Plate#1	1.3	PlateFormat	Endpoint	Absorbance	Raw	FALSE	1						1	600	1	12	96	1	8	None	
	Temperature(¡C)	1	2	3	4	5	6	7	8	9	10	11	12		
	22.30	0.0382	0.0383	0.0385	0.0386	0.0377	0.0383	0.0382	0.0381	0.0377	0.0384	0.0389	0.0393		
		0.0423	0.0422	0.0426	0.0429	0.0427	0.0422	0.0423	0.0428	0.0426	0.0427	0.0423	0.0421		
		0.0439	0.0438	0.0436	0.044	0.0439	0.0434	0.0435	0.0439	0.0438	0.0439	0.0436	0.0434		
		0.0446	0.0455	0.0451	0.0447	0.0449	0.042	0.0423	0.044	0.0442	0.0436	0.0433	0.0427		
		0.0429	0.0438	0.0437	0.0437	0.0436	0.0424	0.0422	0.0441	0.0437	0.0439	0.0439	0.0425		
		0.0513	0.0512	0.0513	0.0515	0.0494	0.048	0.0522	0.0533	0.0534	0.0534	0.0524	0.0502		
		0.0452	0.0452	0.0455	0.0458	0.0464	0.0461	0.047	0.0464	0.0459	0.0456	0.0449	0.0435		
		0.0421	0.0417	0.0413	0.0413	0.0406	0.0412	0.0409	0.0412	0.0408	0.0413	0.0418	0.0411		
		
~End
Cuvette:	CuvetteSet#1	1.3	TimeFormat	Endpoint	Absorbance	Raw	TRUE	1						1	600	1	12	6	1	8	None	
	Temperature(¡C)	A1	A2	A3	A4	A5	A6	
	21.90	0.3694	0.4276	0.3703	0.3045	0.3738	0.3659	


	21.90	0.0273	0.0273	0.0273	0.0273	0.0273	0.0273	

~End
