##BLOCKS= 2          
Note:~End
Plate:	Plate#1	1.3	PlateFormat	Endpoint	Absorbance	Raw	FALSE	1						1	600	1	12	96	1	8	None	
	Temperature(¡C)	1	2	3	4	5	6	7	8	9	10	11	12		
	22.30	0.2632	0.0462	0.0459	0.0458	0.0451	0.0458	0.0455	0.0451	0.0459	0.0458	0.0467	0.0463		
		0.1486	0.0471	0.0464	0.047	0.0467	0.0465	0.0463	0.0468	0.0472	0.0469	0.0463	0.0463		
		0.1946	0.0367	0.0467	0.0488	0.0466	0.0467	0.0467	0.0482	0.0473	0.0471	0.0464	0.0465		
		0.263	0.0469	0.047	0.0473	0.0494	0.0467	0.0559	0.0527	0.0479	0.0474	0.0469	0.0464		
		0.301	0.0471	0.0472	0.0507	0.0633	0.0587	0.0459	0.0488	0.0475	0.0478	0.0474	0.0461		
		0.3157	0.0465	0.0465	0.0466	0.0481	0.0469	0.0468	0.0475	0.0478	0.0473	0.0471	0.0463		
		0.2656	0.046	0.0464	0.0468	0.0467	0.0462	0.0462	0.0469	0.0472	0.0473	0.0468	0.0462		
		0.3037	0.0463	0.0459	0.0464	0.0452	0.0461	0.0456	0.0457	0.0458	0.0461	0.0467	0.0464		
		
~End
