##BLOCKS= 3          
Note:~End
Plate:	Plate#1	1.3	PlateFormat	Endpoint	Absorbance	Raw	FALSE	1						1	600	1	12	96	1	8	None	
	Temperature(¡C)	1	2	3	4	5	6	7	8	9	10	11	12		
	22.30	0.2176	0.0364	0.0458	0.0455	0.0447	0.0455	0.0454	0.045	0.0454	0.0458	0.0466	0.0461		
		0.2313	0.0465	0.0465	0.0472	0.0471	0.0463	0.0465	0.0468	0.0473	0.0556	0.0465	0.0466		
		0.2443	0.0468	0.0473	0.0471	0.0472	0.047	0.0466	0.0469	0.0467	0.0469	0.0464	0.0464		
		0.2217	0.047	0.0476	0.0474	0.0474	0.0455	0.0465	0.0471	0.0474	0.0475	0.047	0.0467		
		0.2416	0.047	0.0481	0.0471	0.0472	0.0454	0.0459	0.0474	0.0473	0.0474	0.0473	0.0463		
		0.2628	0.0463	0.0471	0.0469	0.0469	0.0466	0.0469	0.0472	0.0471	0.0472	0.0471	0.0464		
		0.2333	0.0462	0.0463	0.0471	0.0469	0.0462	0.0466	0.0467	0.0472	0.0472	0.0468	0.0464		
		0.2532	0.0461	0.0461	0.0462	0.0456	0.046	0.0459	0.0455	0.0458	0.0462	0.0466	0.0464		
		
~End
Cuvette:	CuvetteSet#1	1.3	TimeFormat	Endpoint	Absorbance	Raw	FALSE	1						1	450	1	12	2	1	8	None	
	Temperature(¡C)	A1	A2	
	22.30	-0.0261	-0.0262	


	22.30	

~End
