##BLOCKS= 2          
Note:~End
Plate:	Plate#1	1.3	PlateFormat	Endpoint	Absorbance	Raw	FALSE	1						1	600	1	12	96	1	8	None	
	Temperature(¡C)	1	2	3	4	5	6	7	8	9	10	11	12		
	22.40	0.5072	0.0464	0.0459	0.0456	0.0448	0.0453	0.0455	0.045	0.0455	0.0458	0.0463	0.0462		
		0.4603	0.0412	0.0467	0.0475	0.0473	0.0465	0.0464	0.0469	0.0472	0.0469	0.0463	0.0466		
		0.4696	0.0468	0.0467	0.0466	0.0472	0.0467	0.0466	0.0467	0.0465	0.0469	0.0462	0.0462		
		0.5134	0.0469	0.0477	0.0472	0.0475	0.0462	0.0455	0.0479	0.0473	0.0473	0.047	0.0465		
		0.4769	0.0467	0.0478	0.0471	0.047	0.0454	0.0451	0.0471	0.0472	0.0472	0.0471	0.0461		
		0.4169	0.0467	0.0472	0.0478	0.0475	0.0479	0.0473	0.0471	0.047	0.0473	0.0471	0.0461		
		0.4695	0.0461	0.0466	0.0472	0.0469	0.0469	0.0466	0.0467	0.0471	0.0472	0.0469	0.046		
		0.6681	0.0368	0.0464	0.0466	0.0463	0.0462	0.0456	0.0456	0.0465	0.0464	0.047	0.0464		
		
~End
