##BLOCKS= 3          
Note:~End
Plate:	Plate#1	1.3	PlateFormat	Endpoint	Absorbance	Raw	FALSE	1						1	600	1	12	96	1	8	None	
	Temperature(¡C)	1	2	3	4	5	6	7	8	9	10	11	12		
	21.90	0.6913	0.7022	0.7626	0.7664	0.7366	0.7618	0.7182	0.7462	0.6976	0.7015	0.7129	0.8561		
		0.6873	0.7535	0.7346	0.7366	0.7077	0.7672	0.7715	0.7595	0.8299	0.8171	0.7503	0.9055		
		0.6769	0.6806	0.7164	0.6781	0.7665	0.7486	0.781	0.7173	0.7461	0.8443	0.8577	0.6945		
		0.7065	0.7778	0.7399	0.7432	0.73	0.5044	0.4589	0.3654	0.7282	0.7835	0.8501	0.7577		
		0.8248	0.7368	0.7551	0.7809	0.7687	0.5075	0.3012	0.6114	0.7345	0.7791	0.8693	0.8889		
		0.7449	0.7201	0.7145	0.7777	0.7911	0.4981	0.8769	0.8103	0.7717	0.9322	0.8248	1.0388		
		0.7607	0.823	0.8489	0.8707	0.846	0.8005	0.9352	0.9229	1.0159	1.0135	0.7829	1.0805		
		0.8232	0.8766	0.9631	0.9683	0.9467	0.887	0.9729	0.9672	1.003	1.0681	0.9912	0.9841		
		
~End
Cuvette:	CuvetteSet#1	1.3	TimeFormat	Endpoint	Absorbance	Raw	TRUE	1						1	600	1	12	7	1	8	None	
	Temperature(¡C)	A1	A2	A3	A4	A5	A6	A7	
	23.40	0.2906	0.283	0.3387	0.2929	0.2291	0.2238	0.2272	


	23.40	0.0304	0.0304	0.0304	0.0304	0.0304	0.0304	0.0304	

~End
