##BLOCKS= 2          
Note:~End
Plate:	Plate#1	1.3	PlateFormat	Endpoint	Absorbance	Raw	FALSE	1						1	600	1	12	96	1	8	None	
	Temperature(¡C)	1	2	3	4	5	6	7	8	9	10	11	12		
	30.00	0.281	0.0462	0.0456	0.0457	0.0452	0.0454	0.2193	0.0452	0.0458	0.0461	0.0466	0.0463		
		0.2635	0.0465	0.0468	0.047	0.0468	0.0465	0.1685	0.0469	0.0472	0.0466	0.0463	0.0465		
		0.129	0.0467	0.0467	0.0469	0.0468	0.0464	0.2142	0.047	0.0467	0.0466	0.0462	0.0462		
		0.2416	0.0469	0.0473	0.0472	0.047	0.0452	0.2449	0.0471	0.0474	0.0473	0.047	0.0464		
		0.221	0.0469	0.0472	0.047	0.0466	0.0455	0.2225	0.0474	0.0474	0.0474	0.0471	0.0462		
		0.2384	0.0465	0.0467	0.0467	0.0469	0.0467	0.2404	0.0473	0.0471	0.0472	0.0469	0.0462		
		0.2212	0.0459	0.0463	0.0469	0.0467	0.0466	0.2358	0.0465	0.047	0.0471	0.0467	0.0461		
		0.3552	0.0461	0.0462	0.0463	0.0454	0.0461	0.2224	0.0457	0.0459	0.0463	0.0468	0.0463		
		
~End
