##BLOCKS= 2          
Note:~End
Plate:	Plate#1	1.3	PlateFormat	Endpoint	Absorbance	Raw	FALSE	1						1	600	1	12	96	1	8	None	
	Temperature(¡C)	1	2	3	4	5	6	7	8	9	10	11	12		
	30.00	0.0662	0.0463	0.0456	0.0459	0.0449	0.0456	0.1003	0.0449	0.0458	0.0457	0.0466	0.0462		
		0.0939	0.0466	0.0466	0.047	0.0469	0.0467	0.0908	0.0469	0.0473	0.0471	0.0461	0.0464		
		0.0471	0.0466	0.0468	0.0467	0.0467	0.0466	0.09	0.0467	0.0467	0.0469	0.046	0.0463		
		0.0833	0.047	0.0471	0.0474	0.0471	0.0454	0.0888	0.0471	0.0474	0.0474	0.0471	0.0464		
		0.0797	0.047	0.0471	0.0472	0.0467	0.0455	0.1	0.0472	0.0473	0.0473	0.0473	0.0463		
		0.0802	0.0464	0.0469	0.0468	0.0468	0.0466	0.095	0.0469	0.0468	0.0473	0.0469	0.0464		
		0.1159	0.0457	0.0466	0.0469	0.0469	0.0463	0.1053	0.0466	0.047	0.0471	0.0469	0.0462		
		0.0738	0.0462	0.0458	0.0463	0.0453	0.046	0.1003	0.046	0.0457	0.0462	0.0466	0.0462		
		
~End
